{
  "engine_shape": [
    256,
    32,
    32
  ],
  "slot_count": 262144,
  "max_level": 6,
  "plain_expected": {
    "batch0_A_region_4x4": [
      [
        1.0,
        2.0,
        3.0,
        0.0
      ],
      [
        4.0,
        5.0,
        6.0,
        0.0
      ],
      [
        0.0,
        0.0,
        0.0,
        0.0
      ],
      [
        0.0,
        0.0,
        0.0,
        0.0
      ]
    ],
    "batch0_B_region_4x4": [
      [
        7.0,
        0.0,
        0.0,
        0.0
      ],
      [
        8.0,
        0.0,
        0.0,
        0.0
      ],
      [
        9.0,
        0.0,
        0.0,
        0.0
      ],
      [
        0.0,
        0.0,
        0.0,
        0.0
      ]
    ],
    "batch0_A_at_B_region_4x4": [
      [
        50.0,
        0.0,
        0.0,
        0.0
      ],
      [
        122.0,
        0.0,
        0.0,
        0.0
      ],
      [
        0.0,
        0.0,
        0.0,
        0.0
      ],
      [
        0.0,
        0.0,
        0.0,
        0.0
      ]
    ],
    "batch1_A_region_4x4": [
      [
        10.0,
        20.0,
        30.0,
        0.0
      ],
      [
        40.0,
        50.0,
        60.0,
        0.0
      ],
      [
        0.0,
        0.0,
        0.0,
        0.0
      ],
      [
        0.0,
        0.0,
        0.0,
        0.0
      ]
    ],
    "batch1_B_region_4x4": [
      [
        0.5,
        0.0,
        0.0,
        0.0
      ],
      [
        1.5,
        0.0,
        0.0,
        0.0
      ],
      [
        2.5,
        0.0,
        0.0,
        0.0
      ],
      [
        0.0,
        0.0,
        0.0,
        0.0
      ]
    ],
    "batch1_A_at_B_region_4x4": [
      [
        110.0,
        0.0,
        0.0,
        0.0
      ],
      [
        245.0,
        0.0,
        0.0,
        0.0
      ],
      [
        0.0,
        0.0,
        0.0,
        0.0
      ],
      [
        0.0,
        0.0,
        0.0,
        0.0
      ]
    ]
  },
  "encode_decode": {
    "A_shape": [
      256,
      32,
      32
    ],
    "B_shape": [
      256,
      32,
      32
    ],
    "A_allclose": true,
    "B_allclose": true,
    "A_batch0_region_4x4": [
      [
        1.0000000000386073,
        1.9999999997854994,
        3.0000000002478893,
        6.864497408607112e-10
      ],
      [
        4.000000000365595,
        5.00000000006587,
        6.0000000000835545,
        1.2802384882055894e-10
      ],
      [
        -1.8653174764231038e-10,
        9.5737148751119e-11,
        1.0522895385350467e-10,
        3.6442926020167533e-10
      ],
      [
        -8.385091127134601e-12,
        2.5291106169240554e-12,
        -5.2743937396754345e-11,
        -3.540825662353328e-11
      ]
    ],
    "B_batch0_region_4x4": [
      [
        6.999999999372889,
        8.207907055161398e-11,
        4.866908486016406e-10,
        6.012866924113209e-10
      ],
      [
        7.9999999990529185,
        -3.813244509898411e-10,
        1.290861882957551e-10,
        -3.2266009967149523e-10
      ],
      [
        9.000000000173326,
        7.483847446816001e-11,
        3.600527024831756e-10,
        -4.567828263346947e-10
      ],
      [
        3.9857698191422914e-11,
        2.562262270908311e-10,
        -2.8182328567275247e-10,
        -1.8578885600383876e-10
      ]
    ],
    "A_batch1_region_4x4": [
      [
        9.999999999580231,
        19.999999999769997,
        29.99999999979559,
        -4.5685779782812123e-11
      ],
      [
        39.99999999968917,
        49.9999999998352,
        60.00000000013353,
        -1.5931496966460941e-10
      ],
      [
        -1.302722721231244e-11,
        1.722780326876573e-10,
        1.7999375070553083e-10,
        -3.30816610349503e-10
      ],
      [
        4.061814843011744e-10,
        3.7910057131581685e-10,
        1.2248530382919034e-10,
        1.1025840023536426e-10
      ]
    ],
    "B_batch1_region_4x4": [
      [
        0.49999999986387383,
        3.144067986050011e-10,
        9.018505514480184e-11,
        1.0324972937432518e-10
      ],
      [
        1.5000000005775012,
        -2.950665303904183e-10,
        4.662197484290581e-10,
        -7.421085551149702e-10
      ],
      [
        2.5000000000658322,
        -4.669646677217518e-11,
        -4.86055832646327e-11,
        -1.327996075310929e-10
      ],
      [
        1.2312098863106373e-10,
        1.9160438229461974e-10,
        2.081138691373172e-10,
        2.1875731552732543e-10
      ]
    ]
  },
  "key_generation_s": 6.295681333023822,
  "encrypted_inputs": {
    "A": {
      "type": "GLCiphertext",
      "level": 6,
      "nbytes": null,
      "serialized_nbytes": null
    },
    "B": {
      "type": "GLCiphertext",
      "level": 6,
      "nbytes": null,
      "serialized_nbytes": null
    }
  },
  "matrix_multiply_cases": {
    "plain_A_times_ct_B": {
      "ok": true,
      "multiply_s": 0.7144029159971979,
      "decrypt_s": 0.7455981669772882,
      "ciphertext": {
        "type": "GLCiphertext",
        "level": 5,
        "nbytes": null,
        "serialized_nbytes": null
      },
      "batches": {
        "0": {
          "decrypted_region_4x4": [
            [
              6.999999924291493,
              13.99999989781722,
              20.999999876210488,
              5.03375881373654e-09
            ],
            [
              8.000000080346307,
              16.000000106486215,
              24.000000138187925,
              5.377107514506371e-09
            ],
            [
              8.999999994147895,
              17.999999976142153,
              26.99999996481219,
              6.30701623555966e-09
            ],
            [
              7.281217335524785e-08,
              8.687143719279385e-08,
              1.0067869978991691e-07,
              4.9114413214778034e-11
            ]
          ],
          "expected_top_2x1": [
            [
              50.0
            ],
            [
              122.0
            ]
          ],
          "actual_top_2x1": [
            [
              6.999999924291493
            ],
            [
              8.000000080346307
            ]
          ],
          "allclose_top_2x1": false,
          "plain_A_times_ct_B_batch0_linf": 113.99999991965369,
          "plain_A_times_ct_B_batch0_mae": 78.4999999976811,
          "plain_A_times_ct_B_batch0_relative_l2": 0.9240920715528527
        },
        "1": {
          "decrypted_region_4x4": [
            [
              4.999999872671781,
              9.999999775850636,
              14.999999679260968,
              -8.437218040582947e-11
            ],
            [
              14.999999868207215,
              29.999999879557855,
              44.99999988993929,
              -5.7641508516790354e-11
            ],
            [
              25.000000001613994,
              50.00000000051219,
              74.99999999881621,
              1.9317212199210522e-10
            ],
            [
              -7.222921646889098e-07,
              -1.014389555531752e-06,
              -1.3061532334379293e-06,
              -2.5547094713872657e-10
            ]
          ],
          "expected_top_2x1": [
            [
              110.0
            ],
            [
              245.0
            ]
          ],
          "actual_top_2x1": [
            [
              4.999999872671781
            ],
            [
              14.999999868207215
            ]
          ],
          "allclose_top_2x1": false,
          "plain_A_times_ct_B_batch1_linf": 230.00000013179277,
          "plain_A_times_ct_B_batch1_mae": 167.5000001295605,
          "plain_A_times_ct_B_batch1_relative_l2": 0.9414395856412208
        }
      }
    },
    "pt_A_times_ct_B": {
      "ok": true,
      "multiply_s": 3.063230667001335,
      "decrypt_s": 0.7468332090065815,
      "ciphertext": {
        "type": "GLCiphertext",
        "level": 5,
        "nbytes": null,
        "serialized_nbytes": null
      },
      "batches": {
        "0": {
          "decrypted_region_4x4": [
            [
              50.000000028645786,
              -8.991770398339721e-08,
              8.989483198088826e-09,
              4.281824144032863e-08
            ],
            [
              122.00000009675043,
              -1.6551471518282995e-07,
              5.3591485729235684e-08,
              9.191295582954216e-08
            ],
            [
              5.276163244370349e-10,
              -1.0646626421435904e-10,
              -4.2215468004662816e-11,
              1.990906752044587e-11
            ],
            [
              -2.7252614155972185e-10,
              -1.7516116711352428e-10,
              -1.2155402089570646e-10,
              1.3834994607706935e-10
            ]
          ],
          "expected_top_2x1": [
            [
              50.0
            ],
            [
              122.0
            ]
          ],
          "actual_top_2x1": [
            [
              50.000000028645786
            ],
            [
              122.00000009675043
            ]
          ],
          "allclose_top_2x1": true,
          "pt_A_times_ct_B_batch0_linf": 9.675042633716657e-08,
          "pt_A_times_ct_B_batch0_mae": 6.269810626235994e-08,
          "pt_A_times_ct_B_batch0_relative_l2": 7.65288493659579e-10
        },
        "1": {
          "decrypted_region_4x4": [
            [
              110.00000069648623,
              -4.2397507759232066e-07,
              2.0082825006885464e-09,
              -1.9771483919396975e-06
            ],
            [
              245.00000152186647,
              -9.144389621982621e-07,
              -5.109804986449535e-09,
              -4.616919886678476e-06
            ],
            [
              5.772334971215487e-10,
              4.704158195775223e-11,
              3.273105720907855e-11,
              1.1043804895715892e-10
            ],
            [
              1.0833758880880236e-09,
              8.647612388581015e-11,
              -1.6009470145789948e-10,
              -2.9987175015736807e-10
            ]
          ],
          "expected_top_2x1": [
            [
              110.0
            ],
            [
              245.0
            ]
          ],
          "actual_top_2x1": [
            [
              110.00000069648623
            ],
            [
              245.00000152186647
            ]
          ],
          "allclose_top_2x1": true,
          "pt_A_times_ct_B_batch1_linf": 1.5218664657368208e-06,
          "pt_A_times_ct_B_batch1_mae": 1.1091763454373904e-06,
          "pt_A_times_ct_B_batch1_relative_l2": 6.231991707513105e-09
        }
      }
    },
    "ct_A_times_plain_B": {
      "ok": true,
      "multiply_s": 0.7350313749921042,
      "decrypt_s": 0.745213500020327,
      "ciphertext": {
        "type": "GLCiphertext",
        "level": 5,
        "nbytes": null,
        "serialized_nbytes": null
      },
      "batches": {
        "0": {
          "decrypted_region_4x4": [
            [
              50.00000000771799,
              -3.8022099903236977e-10,
              1.8948551957042574e-09,
              -1.565539356586824e-09
            ],
            [
              121.9999998599741,
              -1.1280494248927534e-09,
              4.98480545465372e-09,
              -1.8508108143785904e-09
            ],
            [
              2.1108175558524023e-07,
              8.479446507838516e-11,
              2.0051059227556012e-11,
              -3.1401883024915485e-11
            ],
            [
              3.009662353728844e-07,
              -5.445893936677073e-11,
              2.0638649943383395e-10,
              -2.079769312762539e-10
            ]
          ],
          "expected_top_2x1": [
            [
              50.0
            ],
            [
              122.0
            ]
          ],
          "actual_top_2x1": [
            [
              50.00000000771799
            ],
            [
              121.9999998599741
            ]
          ],
          "allclose_top_2x1": true,
          "ct_A_times_plain_B_batch0_linf": 1.4002590376094304e-07,
          "ct_A_times_plain_B_batch0_mae": 7.387194855823509e-08,
          "ct_A_times_plain_B_batch0_relative_l2": 1.0636340391138108e-09
        },
        "1": {
          "decrypted_region_4x4": [
            [
              110.0000000060931,
              -4.368078077019768e-09,
              8.438060459858333e-09,
              -1.749353559772338e-08
            ],
            [
              244.99999998393682,
              -5.372471470638434e-09,
              2.3827004411862227e-08,
              -4.004893451533441e-08
            ],
            [
              6.640142171300978e-09,
              1.6427573800199013e-10,
              -8.993077225233571e-11,
              6.099800791832091e-11
            ],
            [
              -7.40812758566234e-08,
              7.429246011956239e-11,
              1.366812501841288e-10,
              -1.5397369367743848e-10
            ]
          ],
          "expected_top_2x1": [
            [
              110.0
            ],
            [
              245.0
            ]
          ],
          "actual_top_2x1": [
            [
              110.0000000060931
            ],
            [
              244.99999998393682
            ]
          ],
          "allclose_top_2x1": true,
          "ct_A_times_plain_B_batch1_linf": 1.6063182783909724e-08,
          "ct_A_times_plain_B_batch1_mae": 1.1078142847509298e-08,
          "ct_A_times_plain_B_batch1_relative_l2": 6.397050275992392e-11
        }
      }
    },
    "ct_A_times_pt_B": {
      "ok": true,
      "multiply_s": 0.6372789170127362,
      "decrypt_s": 0.745565124991117,
      "ciphertext": {
        "type": "GLCiphertext",
        "level": 5,
        "nbytes": null,
        "serialized_nbytes": null
      },
      "batches": {
        "0": {
          "decrypted_region_4x4": [
            [
              50.00000000771799,
              -3.8022099903236977e-10,
              1.8948551957042574e-09,
              -1.565539356586824e-09
            ],
            [
              121.9999998599741,
              -1.1280494248927534e-09,
              4.98480545465372e-09,
              -1.8508108143785904e-09
            ],
            [
              2.1108175558524023e-07,
              8.479446507838516e-11,
              2.0051059227556012e-11,
              -3.1401883024915485e-11
            ],
            [
              3.009662353728844e-07,
              -5.445893936677073e-11,
              2.0638649943383395e-10,
              -2.079769312762539e-10
            ]
          ],
          "expected_top_2x1": [
            [
              50.0
            ],
            [
              122.0
            ]
          ],
          "actual_top_2x1": [
            [
              50.00000000771799
            ],
            [
              121.9999998599741
            ]
          ],
          "allclose_top_2x1": true,
          "ct_A_times_pt_B_batch0_linf": 1.4002590376094304e-07,
          "ct_A_times_pt_B_batch0_mae": 7.387194855823509e-08,
          "ct_A_times_pt_B_batch0_relative_l2": 1.0636340391138108e-09
        },
        "1": {
          "decrypted_region_4x4": [
            [
              110.0000000060931,
              -4.368078077019768e-09,
              8.438060459858333e-09,
              -1.749353559772338e-08
            ],
            [
              244.99999998393682,
              -5.372471470638434e-09,
              2.3827004411862227e-08,
              -4.004893451533441e-08
            ],
            [
              6.640142171300978e-09,
              1.6427573800199013e-10,
              -8.993077225233571e-11,
              6.099800791832091e-11
            ],
            [
              -7.40812758566234e-08,
              7.429246011956239e-11,
              1.366812501841288e-10,
              -1.5397369367743848e-10
            ]
          ],
          "expected_top_2x1": [
            [
              110.0
            ],
            [
              245.0
            ]
          ],
          "actual_top_2x1": [
            [
              110.0000000060931
            ],
            [
              244.99999998393682
            ]
          ],
          "allclose_top_2x1": true,
          "ct_A_times_pt_B_batch1_linf": 1.6063182783909724e-08,
          "ct_A_times_pt_B_batch1_mae": 1.1078142847509298e-08,
          "ct_A_times_pt_B_batch1_relative_l2": 6.397050275992392e-11
        }
      }
    },
    "ct_A_times_ct_B": {
      "ok": true,
      "multiply_s": 4.712045958003728,
      "decrypt_s": 0.7943453749758191,
      "ciphertext": {
        "type": "GLCiphertext",
        "level": 5,
        "nbytes": null,
        "serialized_nbytes": null
      },
      "batches": {
        "0": {
          "decrypted_region_4x4": [
            [
              50.00000003773189,
              -8.971965227339418e-08,
              8.740086282707508e-09,
              4.2787984913511846e-08
            ],
            [
              121.99999995893579,
              -1.655518305241648e-07,
              5.345165888422634e-08,
              9.19463656151195e-08
            ],
            [
              2.111709601561539e-07,
              3.8884780648385264e-11,
              -1.2758257843264683e-10,
              -8.257695437947285e-11
            ],
            [
              3.0113520132817774e-07,
              1.3917889878446278e-10,
              -6.77467892165169e-11,
              1.7166214651743753e-11
            ]
          ],
          "expected_top_2x1": [
            [
              50.0
            ],
            [
              122.0
            ]
          ],
          "actual_top_2x1": [
            [
              50.00000003773189
            ],
            [
              121.99999995893579
            ]
          ],
          "allclose_top_2x1": true,
          "ct_A_times_ct_B_batch0_linf": 4.106421158667217e-08,
          "ct_A_times_ct_B_batch0_mae": 3.939804926744728e-08,
          "ct_A_times_ct_B_batch0_relative_l2": 4.229634868950921e-10
        },
        "1": {
          "decrypted_region_4x4": [
            [
              110.0000006925322,
              -4.243250849005945e-07,
              2.0305058368461972e-09,
              -1.9769052656474373e-06
            ],
            [
              245.0000014815157,
              -9.143658526517468e-07,
              -5.026199469104472e-09,
              -4.617031395613752e-06
            ],
            [
              6.698920901723847e-09,
              2.218362705354096e-10,
              1.0542119597018898e-10,
              -4.641389930060938e-14
            ],
            [
              -7.405381539422839e-08,
              -3.343688323337258e-11,
              1.7296044626732712e-10,
              1.9814516305920888e-10
            ]
          ],
          "expected_top_2x1": [
            [
              110.0
            ],
            [
              245.0
            ]
          ],
          "actual_top_2x1": [
            [
              110.0000006925322
            ],
            [
              245.0000014815157
            ]
          ],
          "allclose_top_2x1": true,
          "ct_A_times_ct_B_batch1_linf": 1.4815157101111254e-06,
          "ct_A_times_ct_B_batch1_mae": 1.0870239535165638e-06,
          "ct_A_times_ct_B_batch1_relative_l2": 6.089442684603972e-09
        }
      }
    }
  },
  "toy_32x32_linear": {
    "ok": true,
    "description": "32->32 toy linear layer as batched 32x32 plaintext weight times encrypted 32x1 input column.",
    "raw_numpy_weight_times_ct_input": {
      "ok": true,
      "multiply_s": 0.7875296669953968,
      "decrypt_s": 0.7459620000154246,
      "ciphertext": {
        "type": "GLCiphertext",
        "level": 5,
        "nbytes": null,
        "serialized_nbytes": null
      },
      "batches": {
        "0": {
          "expected_first_8": [
            1.596774193548387,
            0.6387096774193537,
            -0.10645161290322669,
            -0.6387096774193542,
            -0.9580645161290324,
            -1.0645161290322576,
            -0.9580645161290329,
            -0.6387096774193548
          ],
          "actual_first_8": [
            9.973733486770707e-08,
            9.028457605718369e-08,
            1.579012087794037e-08,
            5.0370845145222186e-08,
            7.634957842762012e-09,
            -5.334897141963192e-08,
            -2.896794734485824e-09,
            1.645716010319139e-08
          ],
          "allclose_32x1": false,
          "toy32_raw_numpy_weight_batch0_linf": 1.596774262326329,
          "toy32_raw_numpy_weight_batch0_mae": 0.7884072590375718,
          "toy32_raw_numpy_weight_batch0_relative_l2": 0.9999999955770278
        },
        "1": {
          "expected_first_8": [
            0.6387096774193548,
            -0.10645161290322638,
            -0.6387096774193552,
            -0.9580645161290318,
            -1.0645161290322585,
            -0.9580645161290314,
            -0.6387096774193557,
            -0.10645161290322591
          ],
          "actual_first_8": [
            6.368591976537263e-09,
            -2.1324795702221963e-08,
            3.3352467246270394e-09,
            -1.0655951127254595e-07,
            -5.358116121441383e-09,
            5.190991883338567e-08,
            2.598258444855239e-08,
            7.488299363795913e-09
          ],
          "allclose_32x1": false,
          "toy32_raw_numpy_weight_batch1_linf": 1.596774245391374,
          "toy32_raw_numpy_weight_batch1_mae": 0.7884072560880958,
          "toy32_raw_numpy_weight_batch1_relative_l2": 0.999999996307092
        }
      }
    },
    "encoded_glplaintext_weight_times_ct_input": {
      "ok": true,
      "multiply_s": 3.172718707995955,
      "decrypt_s": 0.7587219999986701,
      "ciphertext": {
        "type": "GLCiphertext",
        "level": 5,
        "nbytes": null,
        "serialized_nbytes": null
      },
      "batches": {
        "0": {
          "expected_first_8": [
            1.596774193548387,
            0.6387096774193537,
            -0.10645161290322669,
            -0.6387096774193542,
            -0.9580645161290324,
            -1.0645161290322576,
            -0.9580645161290329,
            -0.6387096774193548
          ],
          "actual_first_8": [
            1.5967742211160494,
            0.6387097006761782,
            -0.10645160825109101,
            -0.6387096179550558,
            -0.9580644246217264,
            -1.0645161310257232,
            -0.9580645008096567,
            -0.6387096496519648
          ],
          "allclose_32x1": true,
          "toy32_encoded_weight_batch0_linf": 9.150730606588553e-08,
          "toy32_encoded_weight_batch0_mae": 2.567334740155927e-08,
          "toy32_encoded_weight_batch0_relative_l2": 4.004646754883482e-08
        },
        "1": {
          "expected_first_8": [
            0.6387096774193548,
            -0.10645161290322638,
            -0.6387096774193552,
            -0.9580645161290318,
            -1.0645161290322585,
            -0.9580645161290314,
            -0.6387096774193557,
            -0.10645161290322591
          ],
          "actual_first_8": [
            0.6387096809639244,
            -0.10645161411091883,
            -0.6387096745006948,
            -0.9580645154791972,
            -1.0645161103305685,
            -0.9580645053414105,
            -0.6387096637091713,
            -0.1064515962289562
          ],
          "allclose_32x1": true,
          "toy32_encoded_weight_batch1_linf": 1.8701689974420788e-08,
          "toy32_encoded_weight_batch1_mae": 7.835309492366938e-09,
          "toy32_encoded_weight_batch1_relative_l2": 1.1026209003678948e-08
        }
      }
    }
  },
  "layout_conclusion": {
    "shape_semantics": "engine.shape is interpreted as (batch, rows, cols); matrix_multiply performs independent matrix products over the last two axes.",
    "encode_decode_preserves_shape": true,
    "raw_numpy_left_operand_matches_matmul": false,
    "encoded_plaintext_left_operand_matches_matmul": true,
    "raw_numpy_right_operand_matches_matmul": true,
    "encoded_plaintext_right_operand_matches_matmul": true,
    "ct_ct_matches_matmul": true,
    "toy_32x32_encoded_weight_matches": true,
    "toy_32x32_raw_numpy_weight_matches": false
  }
}
