{
  "engine_shape": [
    256,
    32,
    32
  ],
  "slot_count": 262144,
  "max_level": 6,
  "plain_expected": {
    "batch0_A_region_4x4": [
      [
        1.0,
        2.0,
        3.0,
        0.0
      ],
      [
        4.0,
        5.0,
        6.0,
        0.0
      ],
      [
        0.0,
        0.0,
        0.0,
        0.0
      ],
      [
        0.0,
        0.0,
        0.0,
        0.0
      ]
    ],
    "batch0_B_region_4x4": [
      [
        7.0,
        0.0,
        0.0,
        0.0
      ],
      [
        8.0,
        0.0,
        0.0,
        0.0
      ],
      [
        9.0,
        0.0,
        0.0,
        0.0
      ],
      [
        0.0,
        0.0,
        0.0,
        0.0
      ]
    ],
    "batch0_A_at_B_region_4x4": [
      [
        50.0,
        0.0,
        0.0,
        0.0
      ],
      [
        122.0,
        0.0,
        0.0,
        0.0
      ],
      [
        0.0,
        0.0,
        0.0,
        0.0
      ],
      [
        0.0,
        0.0,
        0.0,
        0.0
      ]
    ],
    "batch1_A_region_4x4": [
      [
        10.0,
        20.0,
        30.0,
        0.0
      ],
      [
        40.0,
        50.0,
        60.0,
        0.0
      ],
      [
        0.0,
        0.0,
        0.0,
        0.0
      ],
      [
        0.0,
        0.0,
        0.0,
        0.0
      ]
    ],
    "batch1_B_region_4x4": [
      [
        0.5,
        0.0,
        0.0,
        0.0
      ],
      [
        1.5,
        0.0,
        0.0,
        0.0
      ],
      [
        2.5,
        0.0,
        0.0,
        0.0
      ],
      [
        0.0,
        0.0,
        0.0,
        0.0
      ]
    ],
    "batch1_A_at_B_region_4x4": [
      [
        110.0,
        0.0,
        0.0,
        0.0
      ],
      [
        245.0,
        0.0,
        0.0,
        0.0
      ],
      [
        0.0,
        0.0,
        0.0,
        0.0
      ],
      [
        0.0,
        0.0,
        0.0,
        0.0
      ]
    ]
  },
  "encode_decode": {
    "A_shape": [
      256,
      32,
      32
    ],
    "B_shape": [
      256,
      32,
      32
    ],
    "A_allclose": true,
    "B_allclose": true,
    "A_batch0_region_4x4": [
      [
        1.0000000000386073,
        1.9999999997854994,
        3.0000000002478893,
        6.864497408607112e-10
      ],
      [
        4.000000000365595,
        5.00000000006587,
        6.0000000000835545,
        1.2802384882055894e-10
      ],
      [
        -1.8653174764231038e-10,
        9.5737148751119e-11,
        1.0522895385350467e-10,
        3.6442926020167533e-10
      ],
      [
        -8.385091127134601e-12,
        2.5291106169240554e-12,
        -5.2743937396754345e-11,
        -3.540825662353328e-11
      ]
    ],
    "B_batch0_region_4x4": [
      [
        6.999999999372889,
        8.207907055161398e-11,
        4.866908486016406e-10,
        6.012866924113209e-10
      ],
      [
        7.9999999990529185,
        -3.813244509898411e-10,
        1.290861882957551e-10,
        -3.2266009967149523e-10
      ],
      [
        9.000000000173326,
        7.483847446816001e-11,
        3.600527024831756e-10,
        -4.567828263346947e-10
      ],
      [
        3.9857698191422914e-11,
        2.562262270908311e-10,
        -2.8182328567275247e-10,
        -1.8578885600383876e-10
      ]
    ],
    "A_batch1_region_4x4": [
      [
        9.999999999580231,
        19.999999999769997,
        29.99999999979559,
        -4.5685779782812123e-11
      ],
      [
        39.99999999968917,
        49.9999999998352,
        60.00000000013353,
        -1.5931496966460941e-10
      ],
      [
        -1.302722721231244e-11,
        1.722780326876573e-10,
        1.7999375070553083e-10,
        -3.30816610349503e-10
      ],
      [
        4.061814843011744e-10,
        3.7910057131581685e-10,
        1.2248530382919034e-10,
        1.1025840023536426e-10
      ]
    ],
    "B_batch1_region_4x4": [
      [
        0.49999999986387383,
        3.144067986050011e-10,
        9.018505514480184e-11,
        1.0324972937432518e-10
      ],
      [
        1.5000000005775012,
        -2.950665303904183e-10,
        4.662197484290581e-10,
        -7.421085551149702e-10
      ],
      [
        2.5000000000658322,
        -4.669646677217518e-11,
        -4.86055832646327e-11,
        -1.327996075310929e-10
      ],
      [
        1.2312098863106373e-10,
        1.9160438229461974e-10,
        2.081138691373172e-10,
        2.1875731552732543e-10
      ]
    ]
  },
  "key_generation_s": 6.442376583989244,
  "encrypted_inputs": {
    "A": {
      "type": "GLCiphertext",
      "level": 6,
      "nbytes": null,
      "serialized_nbytes": null
    },
    "B": {
      "type": "GLCiphertext",
      "level": 6,
      "nbytes": null,
      "serialized_nbytes": null
    }
  },
  "matrix_multiply_cases": {
    "plain_A_times_ct_B": {
      "ok": true,
      "multiply_s": 0.7230714579927735,
      "decrypt_s": 0.779951834003441,
      "ciphertext": {
        "type": "GLCiphertext",
        "level": 5,
        "nbytes": null,
        "serialized_nbytes": null
      },
      "batches": {
        "0": {
          "decrypted_region_4x4": [
            [
              7.000000018769443,
              14.000000009932712,
              21.000000006324424,
              4.992927737926386e-09
            ],
            [
              7.999999902432952,
              15.999999856348158,
              23.9999998152339,
              5.555708604810314e-09
            ],
            [
              8.999999815533837,
              17.999999735859443,
              26.999999662129582,
              6.325793625534676e-09
            ],
            [
              6.19374263505093e-08,
              9.557076378786771e-08,
              1.292878180397657e-07,
              1.192185154437994e-10
            ]
          ],
          "expected_top_2x1": [
            [
              50.0
            ],
            [
              122.0
            ]
          ],
          "actual_top_2x1": [
            [
              7.000000018769443
            ],
            [
              7.999999902432952
            ]
          ],
          "allclose_top_2x1": false,
          "plain_A_times_ct_B_batch0_linf": 114.00000009756705,
          "plain_A_times_ct_B_batch0_mae": 78.5000000393988,
          "plain_A_times_ct_B_batch0_relative_l2": 0.9240920725625109
        },
        "1": {
          "decrypted_region_4x4": [
            [
              5.000000436202734,
              10.000000585586767,
              15.000000735398913,
              -5.3809885163046505e-11
            ],
            [
              14.999999901376299,
              29.999999846148288,
              44.999999791058784,
              -2.485963343818485e-11
            ],
            [
              24.999999597474293,
              49.999999594642716,
              74.99999959094025,
              -1.4727319566012804e-10
            ],
            [
              3.4765390178986435e-07,
              6.002755208943444e-07,
              8.527478070368367e-07,
              8.472592412718321e-11
            ]
          ],
          "expected_top_2x1": [
            [
              110.0
            ],
            [
              245.0
            ]
          ],
          "actual_top_2x1": [
            [
              5.000000436202734
            ],
            [
              14.999999901376299
            ]
          ],
          "allclose_top_2x1": false,
          "plain_A_times_ct_B_batch1_linf": 230.0000000986237,
          "plain_A_times_ct_B_batch1_mae": 167.4999998312105,
          "plain_A_times_ct_B_batch1_relative_l2": 0.9414395846574458
        }
      }
    },
    "pt_A_times_ct_B": {
      "ok": true,
      "multiply_s": 3.122561666998081,
      "decrypt_s": 0.7544425840023905,
      "ciphertext": {
        "type": "GLCiphertext",
        "level": 5,
        "nbytes": null,
        "serialized_nbytes": null
      },
      "batches": {
        "0": {
          "decrypted_region_4x4": [
            [
              50.00000000483841,
              3.157332134579595e-08,
              4.427016187532196e-08,
              7.203072934977238e-08
            ],
            [
              122.00000002421737,
              7.237449655318909e-08,
              6.03482585557635e-08,
              1.6798662719276874e-07
            ],
            [
              3.150027778603137e-10,
              1.7569388842741364e-10,
              2.0768333596404286e-10,
              -5.651005787713736e-11
            ],
            [
              -5.384045880171052e-10,
              1.2433167880500783e-10,
              -6.996700475278058e-11,
              2.7855280067898077e-11
            ]
          ],
          "expected_top_2x1": [
            [
              50.0
            ],
            [
              122.0
            ]
          ],
          "actual_top_2x1": [
            [
              50.00000000483841
            ],
            [
              122.00000002421737
            ]
          ],
          "allclose_top_2x1": true,
          "pt_A_times_ct_B_batch0_linf": 2.4217371219492634e-08,
          "pt_A_times_ct_B_batch0_mae": 1.4527891778470803e-08,
          "pt_A_times_ct_B_batch0_relative_l2": 1.8730585941356918e-10
        },
        "1": {
          "decrypted_region_4x4": [
            [
              109.99999980549529,
              1.386061361058915e-07,
              2.5651665341198963e-07,
              -4.975760825149861e-07
            ],
            [
              244.99999983420898,
              2.8265243335606633e-07,
              5.30446892717243e-07,
              -1.892980057286592e-06
            ],
            [
              7.991453258025002e-10,
              1.996265733281677e-10,
              -6.251531767567369e-11,
              1.3799262232567924e-10
            ],
            [
              6.744630238563742e-10,
              -6.406125116635195e-11,
              -7.20011188725835e-12,
              5.5913755076262266e-11
            ]
          ],
          "expected_top_2x1": [
            [
              110.0
            ],
            [
              245.0
            ]
          ],
          "actual_top_2x1": [
            [
              109.99999980549529
            ],
            [
              244.99999983420898
            ]
          ],
          "allclose_top_2x1": true,
          "pt_A_times_ct_B_batch1_linf": 1.9450470745141502e-07,
          "pt_A_times_ct_B_batch1_mae": 1.8014786462572374e-07,
          "pt_A_times_ct_B_batch1_relative_l2": 9.51647256571186e-10
        }
      }
    },
    "ct_A_times_plain_B": {
      "ok": true,
      "multiply_s": 0.699611999996705,
      "decrypt_s": 0.7390447079960722,
      "ciphertext": {
        "type": "GLCiphertext",
        "level": 5,
        "nbytes": null,
        "serialized_nbytes": null
      },
      "batches": {
        "0": {
          "decrypted_region_4x4": [
            [
              49.999999877692034,
              -4.3907540287955166e-10,
              1.95083846404417e-09,
              -1.2790226752525674e-09
            ],
            [
              122.00000007974533,
              -1.126611407940505e-09,
              4.718103947420225e-09,
              -1.9868615255045785e-09
            ],
            [
              1.9079498982651685e-07,
              -2.089678784471597e-12,
              1.832837139811213e-10,
              -2.2289851381022035e-10
            ],
            [
              -1.6948702278875887e-07,
              -4.033574075570886e-11,
              -8.944884364079459e-11,
              -2.4268154854835656e-10
            ]
          ],
          "expected_top_2x1": [
            [
              50.0
            ],
            [
              122.0
            ]
          ],
          "actual_top_2x1": [
            [
              49.999999877692034
            ],
            [
              122.00000007974533
            ]
          ],
          "allclose_top_2x1": true,
          "ct_A_times_plain_B_batch0_linf": 1.2230796642143105e-07,
          "ct_A_times_plain_B_batch0_mae": 1.010266501566548e-07,
          "ct_A_times_plain_B_batch0_relative_l2": 1.1073987912292333e-09
        },
        "1": {
          "decrypted_region_4x4": [
            [
              110.00000001433861,
              -4.4089358694879106e-09,
              8.610287570018815e-09,
              -1.7477415594072697e-08
            ],
            [
              245.00000000537213,
              -5.610909347787439e-09,
              2.4060144185702168e-08,
              -4.002649539713133e-08
            ],
            [
              -4.3382053429514835e-08,
              6.280715070594906e-11,
              3.0655312895392384e-11,
              1.347068324424099e-10
            ],
            [
              2.619089059488289e-08,
              -8.727455454298683e-11,
              -3.867871728330186e-11,
              3.0136254557785436e-10
            ]
          ],
          "expected_top_2x1": [
            [
              110.0
            ],
            [
              245.0
            ]
          ],
          "actual_top_2x1": [
            [
              110.00000001433861
            ],
            [
              245.00000000537213
            ]
          ],
          "allclose_top_2x1": true,
          "ct_A_times_plain_B_batch1_linf": 1.433861029909167e-08,
          "ct_A_times_plain_B_batch1_mae": 9.855369853539742e-09,
          "ct_A_times_plain_B_batch1_relative_l2": 5.7014762256997566e-11
        }
      }
    },
    "ct_A_times_pt_B": {
      "ok": true,
      "multiply_s": 0.6157156669942196,
      "decrypt_s": 0.7382637079863343,
      "ciphertext": {
        "type": "GLCiphertext",
        "level": 5,
        "nbytes": null,
        "serialized_nbytes": null
      },
      "batches": {
        "0": {
          "decrypted_region_4x4": [
            [
              49.999999877692034,
              -4.3907540287955166e-10,
              1.95083846404417e-09,
              -1.2790226752525674e-09
            ],
            [
              122.00000007974533,
              -1.126611407940505e-09,
              4.718103947420225e-09,
              -1.9868615255045785e-09
            ],
            [
              1.9079498982651685e-07,
              -2.089678784471597e-12,
              1.832837139811213e-10,
              -2.2289851381022035e-10
            ],
            [
              -1.6948702278875887e-07,
              -4.033574075570886e-11,
              -8.944884364079459e-11,
              -2.4268154854835656e-10
            ]
          ],
          "expected_top_2x1": [
            [
              50.0
            ],
            [
              122.0
            ]
          ],
          "actual_top_2x1": [
            [
              49.999999877692034
            ],
            [
              122.00000007974533
            ]
          ],
          "allclose_top_2x1": true,
          "ct_A_times_pt_B_batch0_linf": 1.2230796642143105e-07,
          "ct_A_times_pt_B_batch0_mae": 1.010266501566548e-07,
          "ct_A_times_pt_B_batch0_relative_l2": 1.1073987912292333e-09
        },
        "1": {
          "decrypted_region_4x4": [
            [
              110.00000001433861,
              -4.4089358694879106e-09,
              8.610287570018815e-09,
              -1.7477415594072697e-08
            ],
            [
              245.00000000537213,
              -5.610909347787439e-09,
              2.4060144185702168e-08,
              -4.002649539713133e-08
            ],
            [
              -4.3382053429514835e-08,
              6.280715070594906e-11,
              3.0655312895392384e-11,
              1.347068324424099e-10
            ],
            [
              2.619089059488289e-08,
              -8.727455454298683e-11,
              -3.867871728330186e-11,
              3.0136254557785436e-10
            ]
          ],
          "expected_top_2x1": [
            [
              110.0
            ],
            [
              245.0
            ]
          ],
          "actual_top_2x1": [
            [
              110.00000001433861
            ],
            [
              245.00000000537213
            ]
          ],
          "allclose_top_2x1": true,
          "ct_A_times_pt_B_batch1_linf": 1.433861029909167e-08,
          "ct_A_times_pt_B_batch1_mae": 9.855369853539742e-09,
          "ct_A_times_pt_B_batch1_relative_l2": 5.7014762256997566e-11
        }
      }
    },
    "ct_A_times_ct_B": {
      "ok": true,
      "multiply_s": 4.528904583014082,
      "decrypt_s": 0.7380619579926133,
      "ciphertext": {
        "type": "GLCiphertext",
        "level": 5,
        "nbytes": null,
        "serialized_nbytes": null
      },
      "batches": {
        "0": {
          "decrypted_region_4x4": [
            [
              49.99999988382133,
              3.1495058561905455e-08,
              4.431990651951979e-08,
              7.206102284252352e-08
            ],
            [
              122.00000010624986,
              7.251274211023993e-08,
              6.018252880046663e-08,
              1.6789594221951133e-07
            ],
            [
              1.9107165896622336e-07,
              1.845239914820229e-10,
              1.1465962952757893e-10,
              -8.74932265753608e-12
            ],
            [
              -1.694259006727455e-07,
              -7.993325609753866e-11,
              -7.861349094763572e-11,
              -2.8016521763904852e-11
            ]
          ],
          "expected_top_2x1": [
            [
              50.0
            ],
            [
              122.0
            ]
          ],
          "actual_top_2x1": [
            [
              49.99999988382133
            ],
            [
              122.00000010624986
            ]
          ],
          "allclose_top_2x1": true,
          "ct_A_times_ct_B_batch0_linf": 1.1617866846336256e-07,
          "ct_A_times_ct_B_batch0_mae": 1.112142626880086e-07,
          "ct_A_times_ct_B_batch0_relative_l2": 1.1940784999730842e-09
        },
        "1": {
          "decrypted_region_4x4": [
            [
              109.9999998097143,
              1.3864138432152107e-07,
              2.567053872708969e-07,
              -4.977882567902244e-07
            ],
            [
              244.99999981535558,
              2.825637928449808e-07,
              5.301924770207027e-07,
              -1.8927882242475034e-06
            ],
            [
              -4.3536651249523776e-08,
              1.9760666183248414e-10,
              -2.5749129884400807e-10,
              3.306348240371366e-11
            ],
            [
              2.5967800791299606e-08,
              2.393008224452878e-11,
              -9.30448485243801e-12,
              -2.947419440877742e-11
            ]
          ],
          "expected_top_2x1": [
            [
              110.0
            ],
            [
              245.0
            ]
          ],
          "actual_top_2x1": [
            [
              109.9999998097143
            ],
            [
              244.99999981535558
            ]
          ],
          "allclose_top_2x1": true,
          "ct_A_times_ct_B_batch1_linf": 1.9028570363843755e-07,
          "ct_A_times_ct_B_batch1_mae": 1.8746506214029068e-07,
          "ct_A_times_ct_B_batch1_relative_l2": 9.87282818332902e-10
        }
      }
    }
  },
  "toy_32x32_linear": {
    "ok": true,
    "description": "32->32 toy linear layer as batched 32x32 plaintext weight times encrypted 32x1 input column.",
    "raw_numpy_weight_times_ct_input": {
      "ok": true,
      "multiply_s": 0.7681495000142604,
      "decrypt_s": 0.7719813750009052,
      "ciphertext": {
        "type": "GLCiphertext",
        "level": 5,
        "nbytes": null,
        "serialized_nbytes": null
      },
      "batches": {
        "0": {
          "expected_first_8": [
            1.596774193548387,
            0.6387096774193537,
            -0.10645161290322669,
            -0.6387096774193542,
            -0.9580645161290324,
            -1.0645161290322576,
            -0.9580645161290329,
            -0.6387096774193548
          ],
          "actual_first_8": [
            8.098445119073508e-10,
            2.8567609084907568e-08,
            4.440123507030362e-08,
            -2.666214151117742e-08,
            -3.065461118261337e-09,
            -4.263895556005219e-08,
            2.1918644701673856e-08,
            -3.1479601954946198e-09
          ],
          "allclose_32x1": false,
          "toy32_raw_numpy_weight_batch0_linf": 1.5967741939624112,
          "toy32_raw_numpy_weight_batch0_mae": 0.7884072641958807,
          "toy32_raw_numpy_weight_batch0_relative_l2": 0.9999999979879378
        },
        "1": {
          "expected_first_8": [
            0.6387096774193548,
            -0.10645161290322638,
            -0.6387096774193552,
            -0.9580645161290318,
            -1.0645161290322585,
            -0.9580645161290314,
            -0.6387096774193557,
            -0.10645161290322591
          ],
          "actual_first_8": [
            -5.019989656115514e-10,
            -4.994181155768022e-09,
            1.4654704763987985e-08,
            -7.942611201286713e-08,
            2.033875414232145e-08,
            -1.656671837371636e-08,
            1.815340610130461e-08,
            -8.007313093616768e-11
          ],
          "allclose_32x1": false,
          "toy32_raw_numpy_weight_batch1_linf": 1.5967743008616764,
          "toy32_raw_numpy_weight_batch1_mae": 0.788407263764197,
          "toy32_raw_numpy_weight_batch1_relative_l2": 1.0000000123893173
        }
      }
    },
    "encoded_glplaintext_weight_times_ct_input": {
      "ok": true,
      "multiply_s": 3.233524082985241,
      "decrypt_s": 0.7593275419785641,
      "ciphertext": {
        "type": "GLCiphertext",
        "level": 5,
        "nbytes": null,
        "serialized_nbytes": null
      },
      "batches": {
        "0": {
          "expected_first_8": [
            1.596774193548387,
            0.6387096774193537,
            -0.10645161290322669,
            -0.6387096774193542,
            -0.9580645161290324,
            -1.0645161290322576,
            -0.9580645161290329,
            -0.6387096774193548
          ],
          "actual_first_8": [
            1.596774227611447,
            0.6387097261006387,
            -0.1064516062615675,
            -0.6387096942614462,
            -0.9580645167331585,
            -1.0645161272083794,
            -0.9580645095350067,
            -0.6387096304609736
          ],
          "allclose_32x1": true,
          "toy32_encoded_weight_batch0_linf": 4.868128500312707e-08,
          "toy32_encoded_weight_batch0_mae": 2.262949774919573e-08,
          "toy32_encoded_weight_batch0_relative_l2": 3.084062538387202e-08
        },
        "1": {
          "expected_first_8": [
            0.6387096774193548,
            -0.10645161290322638,
            -0.6387096774193552,
            -0.9580645161290318,
            -1.0645161290322585,
            -0.9580645161290314,
            -0.6387096774193557,
            -0.10645161290322591
          ],
          "actual_first_8": [
            0.6387096277057529,
            -0.10645166646420913,
            -0.6387097334187632,
            -0.9580645710911514,
            -1.0645161599385344,
            -0.9580645314215278,
            -0.638709711258149,
            -0.10645165476652181
          ],
          "allclose_32x1": true,
          "toy32_encoded_weight_batch1_linf": 6.788475293006968e-08,
          "toy32_encoded_weight_batch1_mae": 4.437459040712924e-08,
          "toy32_encoded_weight_batch1_relative_l2": 5.096073877717099e-08
        }
      }
    }
  },
  "layout_conclusion": {
    "shape_semantics": "engine.shape is interpreted as (batch, rows, cols); matrix_multiply performs independent matrix products over the last two axes.",
    "encode_decode_preserves_shape": true,
    "raw_numpy_left_operand_matches_matmul": false,
    "encoded_plaintext_left_operand_matches_matmul": true,
    "raw_numpy_right_operand_matches_matmul": true,
    "encoded_plaintext_right_operand_matches_matmul": true,
    "ct_ct_matches_matmul": true,
    "toy_32x32_encoded_weight_matches": true,
    "toy_32x32_raw_numpy_weight_matches": false
  }
}
